service_id,date,exception_type
6,20260919,2
6,20260920,2
8,20260919,2
8,20260920,2
10,20260727,2
10,20260728,2
10,20260729,2
10,20260730,2
10,20260731,2
10,20260801,2
10,20260802,2
10,20260803,2
10,20260804,2
10,20260805,2
10,20260806,2
10,20260807,2
10,20260808,2
10,20260809,2
10,20260919,2
10,20260920,2
13,20260727,2
13,20260728,2
13,20260729,2
13,20260730,2
13,20260731,2
13,20260801,2
13,20260802,2
13,20260803,2
13,20260804,2
13,20260805,2
13,20260806,2
13,20260807,2
13,20260808,2
13,20260809,2
25,20261003,2
25,20261010,2
25,20261017,2
25,20261024,2
25,20261031,2
25,20261107,2
25,20261114,2
25,20261121,2
25,20261128,2
25,20261205,2
27,20260716,2
27,20260717,2
27,20260718,2
27,20260719,2
27,20260720,2
27,20260721,2
27,20260722,2
27,20260723,2
27,20260724,2
27,20260725,2
27,20260726,2
27,20260727,2
27,20260728,2
27,20260729,2
27,20260730,2
27,20260731,2
27,20260801,2
27,20260802,2
27,20260803,2
27,20260804,2
27,20260805,2
27,20260806,2
27,20260807,2
