service_id,start_date,end_date,monday,tuesday,wednesday,thursday,friday,saturday,sunday
1,20260908,20261210,0,1,1,1,0,0,0
2,20260626,20261212,1,1,1,1,1,1,1
3,20260626,20260906,1,1,1,1,1,1,1
4,20260630,20260903,0,1,1,1,0,0,0
5,20260919,20260920,0,0,0,0,0,1,1
6,20260629,20261212,1,1,1,1,1,1,1
7,20260629,20261212,1,1,1,1,1,1,1
8,20260626,20261212,1,1,1,1,1,1,1
9,20260717,20261212,0,0,0,0,1,1,1
10,20260629,20261212,1,1,1,1,1,1,1
11,20260727,20260802,1,1,1,1,1,1,1
12,20260803,20260809,1,1,1,1,1,1,1
13,20260629,20261212,1,1,1,1,1,1,1
14,20260718,20261212,1,0,0,0,0,1,1
15,20260907,20261212,1,0,0,0,1,1,1
16,20260626,20260714,1,1,0,0,1,1,1
17,20260717,20261212,1,1,0,0,1,1,1
18,20260626,20260714,1,1,1,1,1,1,1
19,20260715,20261212,1,1,1,1,1,1,1
20,20260715,20260903,0,1,1,1,0,0,0
21,20260703,20260906,1,0,0,0,1,1,1
22,20260716,20261212,1,0,0,1,1,1,1
23,20260702,20260713,1,0,0,1,1,1,1
24,20260629,20260906,1,0,0,0,1,1,1
25,20260626,20261211,0,0,0,0,1,1,1
26,20260716,20260807,1,1,1,1,1,1,1
27,20260626,20261212,1,1,1,1,1,1,1
