trip_id,stop_sequence,stop_id,arrival_time,departure_time,drop_off_type,pickup_type
1,1,007151003,17:02:00,17:02:00,1,0
1,2,007150500,17:44:00,17:47:00,0,0
1,3,007160000,19:42:00,19:42:00,0,1
2,1,007151003,07:35:00,07:35:00,1,0
2,2,007150500,08:17:00,08:20:00,0,0
2,3,007160000,10:14:00,10:14:00,0,1
3,1,007151003,10:37:00,10:37:00,1,0
3,2,007150500,11:19:00,11:22:00,0,0
3,3,007160000,13:16:00,13:16:00,0,1
4,1,007151003,17:35:00,17:35:00,1,0
4,2,007150500,18:17:00,18:20:00,0,0
4,3,007160000,20:14:00,20:14:00,0,1
5,1,007160000,11:40:00,11:40:00,1,0
5,2,007150500,13:25:00,13:28:00,0,0
5,3,007151003,14:21:00,14:21:00,0,1
6,1,007160000,06:55:00,06:55:00,1,0
6,2,007150500,08:39:00,08:42:00,0,0
6,3,007151003,09:35:00,09:35:00,0,1
7,1,007160000,14:05:00,14:05:00,1,0
7,2,007150500,15:49:00,15:52:00,0,0
7,3,007151003,16:45:00,16:45:00,0,1
8,1,007160000,21:00:00,21:00:00,1,0
8,2,007150500,22:44:00,22:47:00,0,0
8,3,007151003,23:40:00,23:40:00,0,1
9,1,007160000,20:10:00,20:10:00,1,0
9,2,007104040,21:47:00,21:50:00,0,0
9,3,007171801,23:28:00,23:28:00,0,1
10,1,007160000,20:10:00,20:10:00,1,0
10,2,007104040,21:47:00,21:50:00,0,0
10,3,007171801,23:28:00,23:28:00,0,1
11,1,007160000,06:22:00,06:22:00,1,0
11,2,007104040,08:01:00,08:04:00,0,0
11,3,007171801,09:45:00,09:45:00,0,1
12,1,007160000,09:22:00,09:22:00,1,0
12,2,007104040,11:00:00,11:03:00,0,0
12,3,007104104,12:06:00,12:09:00,0,0
12,4,007171801,12:49:00,12:49:00,0,1
13,1,007160000,09:31:00,09:31:00,1,0
13,2,007104040,11:09:00,11:12:00,0,0
13,3,007104104,12:15:00,12:18:00,0,0
13,4,007171801,12:58:00,12:58:00,0,1
14,1,007160000,13:42:00,13:42:00,1,0
14,2,007171801,16:44:00,16:44:00,0,1
15,1,007160000,16:22:00,16:22:00,1,0
15,2,007171801,19:24:00,19:24:00,0,1
16,1,007160000,16:22:00,16:22:00,1,0
16,2,007171801,19:29:00,19:29:00,0,1
17,1,007160000,20:10:00,20:10:00,1,0
17,2,007104040,21:47:00,21:50:00,0,0
17,3,007171801,23:28:00,23:28:00,0,1
18,1,007171801,07:35:00,07:35:00,1,0
18,2,007104040,09:07:00,09:10:00,0,0
18,3,007160000,11:05:00,11:05:00,0,1
19,1,007171801,07:35:00,07:35:00,1,0
19,2,007104040,09:07:00,09:10:00,0,0
19,3,007160000,11:05:00,11:05:00,0,1
20,1,007171801,10:40:00,10:40:00,1,0
20,2,007104040,12:06:00,12:09:00,0,0
20,3,007160000,13:57:00,13:57:00,0,1
21,1,007171801,13:48:00,13:48:00,1,0
21,2,007160000,16:50:00,16:50:00,0,1
22,1,007171801,13:50:00,13:50:00,1,0
22,2,007160000,16:52:00,16:52:00,0,1
23,1,007171801,13:55:00,13:55:00,1,0
23,2,007160000,16:52:00,16:52:00,0,1
24,1,007171801,13:55:00,13:55:00,1,0
24,2,007160000,17:05:00,17:05:00,0,1
25,1,007171801,17:40:00,17:40:00,1,0
25,2,007160000,20:42:00,20:42:00,0,1
26,1,007171801,17:48:00,17:48:00,1,0
26,2,007160000,20:42:00,20:42:00,0,1
27,1,007171801,17:48:00,17:48:00,1,0
27,2,007160000,20:50:00,20:50:00,0,1
28,1,007171801,20:20:00,20:20:00,1,0
28,2,007104104,20:51:00,20:54:00,0,0
28,3,007104040,21:56:00,21:59:00,0,0
28,4,007160000,23:48:00,23:48:00,0,1
29,1,007171801,07:35:00,07:35:00,1,0
29,2,007104040,09:07:00,09:10:00,0,0
29,3,007160000,11:05:00,11:05:00,0,1
30,1,007151003,17:02:00,17:02:00,1,0
30,2,007150500,17:44:00,17:47:00,0,0
30,3,007160000,19:42:00,20:10:00,0,0
30,4,007104040,21:47:00,21:50:00,0,0
30,5,007171801,23:28:00,23:28:00,0,1
31,1,007171801,07:35:00,07:35:00,1,0
31,2,007104040,09:07:00,09:10:00,0,0
31,3,007160000,11:05:00,11:40:00,0,0
31,4,007150500,13:25:00,13:28:00,0,0
31,5,007151003,14:21:00,14:21:00,0,1
32,1,007154413,06:14:00,06:14:00,1,0
32,2,007150500,07:16:00,07:19:00,0,0
32,3,007160000,09:15:00,09:15:00,0,1
33,1,007154413,06:29:00,06:29:00,1,0
33,2,007150500,07:16:00,07:19:00,0,0
33,3,007160000,09:15:00,09:15:00,0,1
34,1,007154413,13:30:00,13:30:00,1,0
34,2,007150500,14:33:00,14:36:00,0,0
34,3,007160000,16:32:00,16:32:00,0,1
35,1,007154413,13:46:00,13:46:00,1,0
35,2,007150500,14:33:00,14:36:00,0,0
35,3,007160000,16:32:00,16:32:00,0,1
36,1,007154413,21:00:00,21:00:00,1,0
36,2,007150500,22:02:00,22:05:00,0,0
36,3,007160000,24:01:00,24:01:00,0,1
37,1,007154413,21:10:00,21:10:00,1,0
37,2,007150500,21:57:00,22:00:00,0,0
37,3,007160000,23:56:00,23:56:00,0,1
38,1,007154413,16:55:00,16:55:00,1,0
38,2,007150500,17:44:00,17:47:00,0,0
38,3,007160000,19:42:00,19:42:00,0,1
39,1,007171801,07:35:00,07:35:00,1,1
39,2,007104040,09:07:00,09:10:00,1,1
39,3,007160000,11:05:00,11:40:00,1,0
39,4,007150500,13:25:00,13:28:00,0,0
39,5,007154413,14:26:00,14:26:00,0,1
40,1,007160000,09:55:00,09:55:00,1,0
40,2,007150500,11:40:00,11:43:00,0,0
40,3,007154413,12:42:00,12:42:00,0,1
41,1,007160000,09:55:00,09:55:00,1,0
41,2,007150500,11:40:00,11:43:00,0,0
41,3,007154413,12:57:00,12:57:00,0,1
42,1,007160000,17:35:00,17:35:00,1,0
42,2,007150500,19:20:00,19:23:00,0,0
42,3,007154413,20:22:00,20:22:00,0,1
43,1,007160000,17:35:00,17:35:00,1,0
43,2,007154413,20:31:00,20:31:00,0,1
44,1,007160000,20:30:00,20:30:00,1,0
44,2,007150500,22:15:00,22:18:00,0,0
44,3,007154413,23:17:00,23:17:00,0,1
45,1,007160000,20:30:00,20:30:00,1,0
45,2,007150500,22:15:00,22:18:00,0,0
45,3,007154413,23:32:00,23:32:00,0,1
46,1,007160000,11:40:00,11:40:00,1,0
46,2,007150500,13:25:00,13:28:00,0,0
46,3,007154413,14:26:00,14:26:00,0,1
47,1,007154413,16:55:00,16:55:00,1,1
47,2,007150500,17:44:00,17:47:00,1,0
47,3,007160000,19:42:00,20:10:00,0,0
47,4,007104040,21:47:00,21:50:00,0,0
47,5,007171801,23:28:00,23:28:00,0,1
48,1,007103216,10:27:00,10:27:00,1,0
48,2,007117000,12:23:00,12:23:00,0,1
49,1,007103216,15:27:00,15:27:00,1,0
49,2,007117000,17:23:00,17:23:00,0,1
50,1,007103216,15:57:00,15:57:00,1,0
50,2,007117000,17:53:00,17:53:00,0,1
51,1,007103216,20:57:00,20:57:00,1,0
51,2,007117000,22:53:00,22:53:00,0,1
52,1,007117000,07:15:00,07:15:00,1,0
52,2,007103216,09:09:00,09:09:00,0,1
53,1,007117000,13:15:00,13:15:00,1,0
53,2,007103216,15:09:00,15:09:00,0,1
54,1,007117000,18:15:00,18:15:00,1,0
54,2,007103216,20:09:00,20:09:00,0,1
55,1,007117000,21:15:00,21:15:00,1,0
55,2,007103208,22:18:00,22:21:00,0,0
55,3,007103216,23:15:00,23:15:00,0,1
56,1,007161200,12:39:00,12:39:00,1,0
56,2,007103410,12:59:00,13:02:00,0,0
56,3,007160600,13:47:00,13:50:00,0,0
56,4,007117000,15:23:00,15:23:00,0,1
57,1,007161200,19:53:00,19:53:00,1,0
57,2,007103410,20:13:00,20:16:00,0,0
57,3,007160911,20:37:00,20:58:00,0,0
57,4,007160600,21:46:00,21:49:00,0,0
57,5,007103208,22:20:00,22:23:00,0,0
57,6,007117000,23:27:00,23:27:00,0,1
58,1,007117000,08:15:00,08:15:00,1,0
58,2,007160600,09:45:00,09:48:00,0,0
58,3,007160911,10:37:00,10:57:00,0,0
58,4,007103410,11:15:00,11:18:00,0,0
58,5,007161200,11:42:00,11:42:00,0,1
59,1,007117000,16:15:00,16:15:00,1,0
59,2,007160600,17:45:00,17:48:00,0,0
59,3,007103410,18:37:00,18:40:00,0,0
59,4,007161200,19:04:00,19:04:00,0,1
60,1,007117000,18:45:00,18:45:00,1,0
60,2,007160600,20:15:00,20:18:00,0,0
60,3,007160911,21:07:00,21:27:00,0,0
60,4,007103410,21:45:00,21:48:00,0,0
60,5,007161200,22:14:00,22:14:00,0,1
61,1,007160911,18:00:00,18:00:00,1,0
61,2,007160600,18:48:00,18:51:00,0,0
61,3,007117000,20:23:00,20:23:00,0,1
62,1,007110600,10:56:00,10:56:00,1,0
62,2,007108004,11:28:00,11:31:00,0,0
62,3,007117000,12:03:00,12:15:00,0,0
62,4,007103208,13:18:00,13:21:00,0,0
62,5,007103216,14:16:00,14:16:00,0,1
63,1,007110600,11:00:00,11:00:00,1,0
63,2,007108004,11:32:00,11:35:00,0,0
63,3,007117000,12:00:00,12:15:00,0,0
63,4,007103208,13:18:00,13:21:00,0,0
63,5,007103216,14:16:00,14:16:00,0,1
64,1,007103216,06:09:00,06:09:00,1,0
64,2,007103208,07:04:00,07:07:00,0,0
64,3,007117000,08:10:00,08:25:00,0,0
64,4,007108004,08:57:00,09:00:00,0,0
64,5,007110600,09:33:00,09:33:00,0,1
65,1,007103216,06:09:00,06:09:00,1,0
65,2,007103208,07:04:00,07:07:00,0,0
65,3,007117000,08:10:00,08:32:00,0,0
65,4,007108004,08:57:00,09:00:00,0,0
65,5,007110600,09:33:00,09:33:00,0,1
66,1,007161200,06:35:00,06:35:00,1,0
66,2,007103410,07:00:00,07:03:00,0,0
66,3,007160911,07:23:00,07:51:00,0,0
66,4,007160600,08:39:00,08:42:00,0,0
66,5,007103208,09:16:00,09:19:00,0,0
66,6,007117000,10:23:00,10:38:00,0,0
66,7,007108004,11:05:00,11:08:00,0,0
66,8,007110600,11:40:00,11:40:00,0,1
67,1,007161200,06:35:00,06:35:00,1,0
67,2,007103410,07:00:00,07:03:00,0,0
67,3,007160911,07:23:00,07:51:00,0,0
67,4,007160600,08:39:00,08:42:00,0,0
67,5,007103208,09:16:00,09:19:00,0,0
67,6,007117000,10:23:00,10:38:00,0,0
67,7,007108004,11:12:00,11:15:00,0,0
67,8,007110600,11:47:00,11:47:00,0,1
68,1,007110600,12:56:00,12:56:00,1,0
68,2,007108004,13:28:00,13:31:00,0,0
68,3,007117000,14:03:00,14:15:00,0,0
68,4,007103208,15:16:00,15:19:00,0,0
68,5,007160600,15:51:00,15:54:00,0,0
68,6,007160911,16:44:00,16:44:00,0,1
69,1,007110600,13:00:00,13:00:00,1,0
69,2,007108004,13:32:00,13:35:00,0,0
69,3,007117000,14:00:00,14:15:00,0,0
69,4,007103208,15:16:00,15:19:00,0,0
69,5,007160600,15:51:00,15:54:00,0,0
69,6,007160911,16:44:00,16:44:00,0,1
